Homes:
  main:
    X: 336.0597490596574
    Y: 73.0
    Z: -1588.5043705984574
    Yaw: 178.79843
    Pitch: 10.542997
    World: world
