Homes:
  main:
    X: 330.13517096938745
    Y: 68.0
    Z: -1585.6868756336453
    Yaw: 7.1221223
    Pitch: 19.268322
    World: world
